0 0.090625 0.835227 0.495312 0.814123 0.471875 0.989448 0.020313 0.991071
0 0.160938 0.655032 0.100781 0.813312 0.492188 0.795455 0.508594 0.643669
0 0.184375 0.636364 0.221875 0.538149 0.521094 0.516234 0.510938 0.625812
0 0.232031 0.519481 0.267188 0.436688 0.530469 0.419643 0.522656 0.500812
0 0.267188 0.432630 0.294531 0.357143 0.537500 0.339286 0.532813 0.421266
0 0.296094 0.357143 0.320312 0.293019 0.546094 0.277597 0.537500 0.340909
0 0.321094 0.293831 0.348438 0.241071 0.551562 0.226461 0.545312 0.277597
0 0.505469 0.988636 0.985938 0.957792 0.935937 0.788961 0.518750 0.811688
0 0.517969 0.785714 0.530469 0.642857 0.880469 0.622565 0.930469 0.772727
0 0.532031 0.623377 0.539844 0.519481 0.843750 0.494318 0.878125 0.603084
0 0.542969 0.495942 0.546094 0.418019 0.814844 0.400162 0.839063 0.483766
0 0.550781 0.403409 0.552344 0.344156 0.792969 0.327110 0.810156 0.388799
0 0.559375 0.328734 0.564844 0.281656 0.775000 0.263799 0.788281 0.314935
0 0.571094 0.267857 0.576562 0.226461 0.757812 0.213474 0.770312 0.254058
