0 0.089992 0.823200 0.491854 0.802400 0.468580 0.975200 0.020171 0.976800
0 0.159814 0.645600 0.100078 0.801600 0.488751 0.784000 0.505043 0.634400
0 0.183088 0.627200 0.220326 0.530400 0.517455 0.508800 0.507370 0.616800
0 0.230411 0.512000 0.265322 0.430400 0.526765 0.413600 0.519007 0.493600
0 0.265322 0.426400 0.292475 0.352000 0.533747 0.334400 0.529092 0.415200
0 0.294026 0.352000 0.318076 0.288800 0.542281 0.273600 0.533747 0.336000
0 0.318852 0.289600 0.346005 0.237600 0.547711 0.223200 0.541505 0.273600
0 0.501939 0.974400 0.979054 0.944000 0.929403 0.777600 0.515128 0.800000
0 0.514352 0.774400 0.526765 0.633600 0.874321 0.613600 0.923972 0.761600
0 0.528317 0.614400 0.536074 0.512000 0.837859 0.487200 0.871994 0.594400
0 0.539178 0.488800 0.542281 0.412000 0.809154 0.394400 0.833204 0.476800
0 0.546936 0.397600 0.548487 0.339200 0.787432 0.322400 0.804500 0.383200
0 0.555469 0.324000 0.560900 0.277600 0.769589 0.260000 0.782777 0.310400
0 0.567106 0.264000 0.572537 0.223200 0.752521 0.210400 0.764934 0.250400
