0 0.090625 0.837266 0.495312 0.816111 0.471875 0.991863 0.020313 0.993491
0 0.160938 0.656631 0.100781 0.815297 0.492188 0.797396 0.508594 0.645240
0 0.184375 0.637917 0.221875 0.539463 0.521094 0.517494 0.510938 0.627339
0 0.232031 0.520749 0.267188 0.437754 0.530469 0.420667 0.522656 0.502034
0 0.267188 0.433686 0.294531 0.358015 0.537500 0.340114 0.532813 0.422295
0 0.296094 0.358015 0.320312 0.293735 0.546094 0.278275 0.537500 0.341741
0 0.321094 0.294548 0.348438 0.241660 0.551562 0.227014 0.545312 0.278275
0 0.505469 0.991050 0.985938 0.960130 0.935937 0.790887 0.518750 0.813670
0 0.517969 0.787632 0.530469 0.644426 0.880469 0.624085 0.930469 0.774614
0 0.532031 0.624898 0.539844 0.520749 0.843750 0.495525 0.878125 0.604557
0 0.542969 0.497152 0.546094 0.419040 0.814844 0.401139 0.839063 0.484947
0 0.550781 0.404394 0.552344 0.344996 0.792969 0.327909 0.810156 0.389748
0 0.559375 0.329536 0.564844 0.282343 0.775000 0.264443 0.788281 0.315704
0 0.571094 0.268511 0.576562 0.227014 0.757812 0.213995 0.770312 0.254679
