0 0.510938 0.812042 0.937500 0.794142 0.992188 0.970708 0.497656 0.991863
0 0.527344 0.641985 0.885156 0.620016 0.931250 0.774614 0.515625 0.794955
0 0.535156 0.515053 0.845313 0.495525 0.878125 0.605370 0.528125 0.627339
0 0.543750 0.419040 0.817187 0.399512 0.842187 0.484947 0.538281 0.503662
0 0.548438 0.340114 0.793750 0.323027 0.814844 0.391375 0.543750 0.408462
0 0.553906 0.278275 0.772656 0.262002 0.788281 0.313263 0.548438 0.331977
0 0.556250 0.227828 0.757031 0.211554 0.771875 0.255492 0.554688 0.270952
0 0.560156 0.185517 0.745313 0.169243 0.755469 0.205858 0.558594 0.221318
0 0.564063 0.148088 0.733594 0.134255 0.742188 0.161920 0.560937 0.175753
0 0.565625 0.117168 0.725781 0.104963 0.732031 0.128560 0.565625 0.143206
0 0.567969 0.087063 0.717187 0.074858 0.721875 0.098454 0.567187 0.110659
0 0.569531 0.061839 0.707812 0.050448 0.714844 0.071603 0.567969 0.082994
0 0.495312 0.815297 0.091406 0.834011 0.021094 0.992677 0.475000 0.991050
0 0.510938 0.643613 0.162500 0.666395 0.100000 0.814483 0.497656 0.796583
0 0.523438 0.517494 0.221875 0.537022 0.175781 0.645240 0.512500 0.628967
0 0.532031 0.419854 0.260156 0.441823 0.226562 0.523190 0.521094 0.503662
0 0.537500 0.344182 0.300000 0.358828 0.271094 0.424736 0.532813 0.410903
0 0.542188 0.283157 0.328125 0.295362 0.303125 0.353133 0.539062 0.336046
0 0.547656 0.227828 0.348438 0.243287 0.332813 0.288853 0.545312 0.273393
0 0.551562 0.186330 0.369531 0.197722 0.353125 0.238405 0.547656 0.221318
0 0.554688 0.148902 0.385937 0.161107 0.370312 0.193653 0.552344 0.178194
0 0.555469 0.115541 0.397656 0.127746 0.385937 0.159479 0.553125 0.144020
0 0.557813 0.087063 0.414062 0.099268 0.401562 0.126119 0.554688 0.113100
0 0.557813 0.065094 0.421875 0.076485 0.414844 0.096827 0.558594 0.086249
0 0.007031 0.205858 0.032813 0.174939 0.192969 0.165175 0.167187 0.200163
0 0.043750 0.170057 0.073438 0.146461 0.217188 0.135883 0.192969 0.165989
0 0.077344 0.141579 0.102344 0.113914 0.246094 0.105777 0.217969 0.138324
