0 0.507370 0.798400 0.930954 0.780800 0.985260 0.954400 0.494182 0.975200
0 0.523662 0.631200 0.878976 0.609600 0.924748 0.761600 0.512025 0.781600
0 0.531420 0.506400 0.839410 0.487200 0.871994 0.595200 0.524438 0.616800
0 0.539953 0.412000 0.811482 0.392800 0.836307 0.476800 0.534523 0.495200
0 0.544608 0.334400 0.788208 0.317600 0.809154 0.384800 0.539953 0.401600
0 0.550039 0.273600 0.767261 0.257600 0.782777 0.308000 0.544608 0.326400
0 0.552366 0.224000 0.751746 0.208000 0.766486 0.251200 0.550815 0.266400
0 0.556245 0.182400 0.740109 0.166400 0.750194 0.202400 0.554694 0.217600
0 0.560124 0.145600 0.728472 0.132000 0.737005 0.159200 0.557021 0.172800
0 0.561676 0.115200 0.720714 0.103200 0.726920 0.126400 0.561676 0.140800
0 0.564003 0.085600 0.712180 0.073600 0.716835 0.096800 0.563227 0.108800
0 0.565555 0.060800 0.702870 0.049600 0.709853 0.070400 0.564003 0.081600
0 0.491854 0.801600 0.090768 0.820000 0.020946 0.976000 0.471683 0.974400
0 0.507370 0.632800 0.161365 0.655200 0.099302 0.800800 0.494182 0.783200
0 0.519783 0.508800 0.220326 0.528000 0.174554 0.634400 0.508922 0.618400
0 0.528317 0.412800 0.258340 0.434400 0.224981 0.514400 0.517455 0.495200
0 0.533747 0.338400 0.297905 0.352800 0.269201 0.417600 0.529092 0.404000
0 0.538402 0.278400 0.325834 0.290400 0.301009 0.347200 0.535299 0.330400
0 0.543832 0.224000 0.346005 0.239200 0.330489 0.284000 0.541505 0.268800
0 0.547711 0.183200 0.366951 0.194400 0.350659 0.234400 0.543832 0.217600
0 0.550815 0.146400 0.383243 0.158400 0.367727 0.190400 0.548487 0.175200
0 0.551590 0.113600 0.394880 0.125600 0.383243 0.156800 0.549263 0.141600
0 0.553918 0.085600 0.411171 0.097600 0.398759 0.124000 0.550815 0.111200
0 0.553918 0.064000 0.418929 0.075200 0.411947 0.095200 0.554694 0.084800
0 0.006982 0.202400 0.032583 0.172000 0.191621 0.162400 0.166020 0.196800
0 0.043445 0.167200 0.072925 0.144000 0.215671 0.133600 0.191621 0.163200
0 0.076804 0.139200 0.101629 0.112000 0.244375 0.104000 0.216447 0.136000
